0
900
903
910
914
922
923
925
927
930
931
932
933
934
935
936
937
940
942
950
951
952
960
961
962
990
991
992
993
997
1000
1002
1003
1004
1010
1011
1012
1020
1021
1030
1050
1051
1060
1061
1062
1070
1071
1080
1081
1082
1083
1084
1090
1091
1092
1093
1094
1095
1096
1101
1102
1103
1110
1111
1112
1113
1120
1121
1122
1123
1125
1130
1131
1132
1140
1141
1150
1151
1152
1160
1161
1162
1163
1180
1181
1190
1191
1200
1202
1210
1211
1212
1213
1214
1220
1230
1231
1240
1241
1250
1251
1260
1261
1270
1271
1280
1281
1282
1290
1291
1300
1301
1310
1311
1320
1330
1340
1341
1342
1343
1350
1360
1361
1370
1371
1372
1373
1380
1381
1382
1383
1384
1390
1391
1392
1393
1394
1400
1401
1402
1403
1410
1420
1421
1422
1423
1430
1440
1441
1442
1443
1450
1451
1460
1461
1470
1480
1490
1500
1501
1502
1503
1510
1511
1520
1521
1530
1540
1550
1551
1552
2000
2001
2010
2020
2030
2040
2050
2060
2070
2080
2090
2100
2110
2120
2130
2140
2150
2160
2170
2180
2190
2200
2210
2220
2230
2240
2250
2260
2270
2280
2290
2300
2310
2320
2330
2340
2350
2360
2370
2380
2390
2400
2410
2420
2430
2440
2450
2460
2470
2480
2490
2500
2510
2520
2530
2540
2550
2560
2570
2580
2590
2600
2610
2620
2630
2640
2650
2660
2700
2710
2720
2730
2740
2790
2800
2810
2820
2830
2840
2850
2860
2870
2880
3001
3010
3020
3030
3040
3050
3060
3070
3080
3090
3100
3110
3111
3112
3120
3130
3140
3150
3160
3170
3180
3190
3200
3210
3220
3230
3240
3250
3260
3270
3280
3290
3300
3310
3320
3330
3340
3350
3360
3361
3370
3400
3410
3420
3430
3440
3450
3500
4000
4010
4020
4030
4040
4050
4060
4070
4100
4120
4140
4150
4160
4170
4180
4190
4200
4210
4220
4230
4240
4250
4280
4300
4340
4350
4360
4370
4380
4390
4400
4410
4420
4430
4440
4450
4460
4470
4480
4490
4500
4510
4520
4530
4540
4550
4560
4570
4580
4590
4600
4620
4630
5010
5020
5030
5040
5050
5110
5120
5130
5150
6020
6030
6040
6060
6070
6090
6100
6110
6111
6120
6130
6140
6150
6160
6161
6162
6170
6180
6190
6200
6201
6202
6210
6220
6221
6227
6228
6230
6240
6260
6270
6280
6290
6300
6400
6500
7010
7020
7030
7040
7050
7060
7070
7080
7090
7100
7110
7111
7112
7120
7130
7140
7150
7160
7162
7170
7180
7190
7200
7210
7220
7230
7300
7400
7410
8000
8020
8030
8040
8050
8060
8080
8090
8100
8110
8120
8140
8150
8160
8170
8180
8200
8210
8220
8221
8222
8223
8224
8230
8240
8250
8260
8270
8280
8300
8320
8330
8340
8350
8360
8370
8380
8390
8410
8420
8430
8440
8450
8480
8490
8500
8520
8530
8540
8550
8560
8580
8590
8600
8610
8620
9010
9020
9030
9040
9050
9060
9070
9080
9090
9100
9110
9120
9130
9140
9150
9160
9170
9180
9190
9200
9210
9220
9230
9240
9250
9260
9270
9280
9290
9300
9310
9320
9330
9331
9340
9350
9360
9370
9380
9390
9400
9410
9420
9430
9440
9450
9460
9470
9480
9490
9500
9510
9520
9521
9530
9540
9550
9560
9570
9590
9600
9620
9630
9640
9660
9670
9680
9690
9691
9700
9710
9720
9730
9740
9741
9750
9760
9770
9800
9810
9850
9860
9870
9880
9890
9900
9901
9902
9910
9920
9930
9940
9960
10010
10020
10030
10040
10050
10060
10062
10090
10100
10101
10110
10120
10121
10122
10130
10131
10132
10140
10142
10150
10160
10170
10180
10190
10200
10201
10202
10204
10210
10220
10230
10240
10250
10260
10270
10280
10290
10300
10310
10320
10330
10340
10350
10360
10370
10380
10400
10410
10420
10430
10440
10450
10460
10470
10480
10490
10500
10510
10520
10530
10540
10550
11010
11020
11030
11040
11050
11060
11070
11080
11090
11100
11110
11120
11130
11150
11160
11170
11180
11190
11200
11210
11220
11230
11240
11250
11260
11270
11300
11310
11320
11330
11340
11400
11410
11420
11430
11440
11500
11510
11600
12010
12020
12030
12040
12050
12060
12070
12080
12090
12100
12110
12120
12130
12140
12150
12160
12170
12180
12181
12182
12190
12200
12210
12220
12230
12240
12250
12260
12270
12280
12290
12300
12310
12320
12321
12330
12340
12350
12360
12370
12380
12390
12400
12410
12420
12500
12550
12560
12570
12580
12590
12600
12810
13000
13001
13002
13003
13004
13005
13006
13007
13008
13009
13010
13011
13012
13013
13014
13015
13016
13017
13018
13019
13020
13021
13022
13023
13024
13025
13026
13027
13028
13029
13030
13031
13032
13033
13034
13035
13036
13037
13038
13039
13040
13041
13042
13043
13044
13045
13046
13047
13048
13049
13050
13051
13052
13053
13054
13055
13056
13057
13058
13059
13060
13061
13062
13063
13064
13065
13066
13067
13068
13069
13070
13071
13072
13073
13074
13075
13076
13077
13078
13079
13080
13081
13082
13083
13084
13085
13086
13087
13088
13089
13090
13091
13092
13093
13094
13095
13096
13097
13098
13099
13100
13101
13102
13103
13104
13105
13106
13107
13108
13109
13110
13111
13112
13113
13114
13115
13116
13117
13118
13119
13120
13121
13122
13123
13124
13125
13126
13127
13128
13129
13130
13131
13132
13133
13134
13135
13136
13137
13138
13139
13140
13141
13142
13143
13144
13145
13146
13147
13148
13149
13150
13151
13152
13153
13154
13155
13156
13157
13158
13159
13160
13161
13162
13163
13164
13165
13166
13167
13168
13169
13170
13171
13172
13173
13174
13175
13176
13177
13178
13179
13180
13181
13182
13183
13184
13185
13186
13187
13188
13189
13190
13191
13192
13193
13194
13195
13196
13197
13198
13199
13200
13201
13202
13203
13204
13205
13206
13207
13208
13209
13210
13211
13212
13213
13214
13215
13216
13217
13218
13219
13220
13221
13222
13223
13224
13225
13226
13227
13228
13229
13230
13231
13232
13233
13234
13235
13236
13237
13238
13239
13240
13241
13242
13243
13244
13245
13246
13247
13248
13249
13250
13251
13252
13253
13254
13255
13256
13257
13258
13259
13260
13261
13262
13263
13264
13265
13266
13267
13268
13269
13270
13271
13272
13273
13274
13275
13276
13277
13278
13279
13280
13281
13282
13283
13284
13285
13286
13287
13288
13289
13290
13291
13292
13293
13294
13295
13296
13297
13298
13299
13300
13301
13302
13303
13304
13305
13306
13307
13308
13309
13310
13311
13312
13313
13314
13315
13316
13317
13318
13319
13320
13321
13322
13323
13324
13325
13326
13327
13328
13329
13330
13331
13332
13333
13334
13335
13336
13337
13338
13339
13340
13341
13342
13343
13344
13345
13346
13347
13348
13349
13350
13351
13352
13353
13354
13355
13356
13357
13358
13359
13360
13361
13362
13363
13364
13365
13366
13367
13368
13369
13370
13371
13372
13373
13374
13375
13376
13377
13378
13379
13380
13381
13382
13383
13384
13385
13386
13387
13388
13389
13390
13391
13392
13393
13394
13395
13396
13397
13398
13399
13400
13401
13402
13403
13404
13405
13406
13407
13408
13409
13410
13411
13412
13413
13414
13415
13416
13417
13418
13419
13420
13421
13422
13423
13424
13425
13426
13427
13428
13429
13430
13431
13432
13433
13434
13435
13436
13437
13440
13441
13442
13443
13444
13445
13446
13447
13448
13449
13450
13451
13452
13453
13454
13455
13456
13457
13458
13459
13460
13461
13462
13463
13464
13465
13466
13467
13468
13469
13470
13471
13472
13473
13474
13475
13476
13477
13478
13479
13480
13481
13482
13483
13484
13485
13486
13487
13488
13489
13490
13491
13492
13493
13494
13495
13496
13497
13498
13499
13500
13501
13502
13503
13504
13505
13506
13507
13508
13509
13510
13511
13512
13513
13514
13515
13516
13517
13518
13519
13520
13521
13522
13523
13524
13600
13601
13602
13603
13604
13605
13606
13607
14010
14020
14030
14040
14050
14060
14070
14080
14090
14100
14110
14120
14130
14140
14150
14160
14170
14180
14190
14200
14210
14220
14230
14270
14280
14290
14300
14310
15010
15020
15030
15040
15050
15060
15070
15080
15090
15100
15110
15120
15130
15140
15150
15160
15170
15180
15190
15200
15210
15220
15230
15240
15250
15260
16000
16010
16020
16030
16040
16050
16060
16070
16080
16090
16110
16120
16130
16140
16150
16160
16170
16180
16190
16200
16210
16220
16230
16240
16250
16260
16270
16280
16290
16300
16310
16320
16329
16330
16340
16350
16359
16360
16370
16380
16400
16410
16420
16430
16440
16500
16510
16520
16530
16600
16620
16630
16640
16650
16700
16710
16720
16730
16740
16750
17010
17020
17030
17040
17050
17060
17070
17080
17090
17100
17110
17120
17130
17170
17180
17190
18010
18020
18030
18040
18050
18060
18070
18080
18090
18100
18110
18120
18130
18140
18150
18160
18170
18180
18190
18200
18210
18220
18230
18240
18250
19010
19020
19030
19040
19047
19050
19060
19070
19080
19090
19100
19110
19120
19130
19140
19147
19150
19160
19170
19180
19190
19200
19210
19220
19230
19240
19250
19257
19260
19270
19280
19290
19300
19310
19317
19320
20010
20020
20040
20050
20060
20070
20080
20090
20100
20110
20120
20130
20140
20150
20160
20190
20200
20220
20260
20261
20270
20280
20290
20300
20310
20311
20320
20330
20340
20350
20360
20370
20380
20390
20400
20410
20420
20430
20440
20450
20460
20470
20500
20510
20530
20550
20552
20553
20560
20570
20572
20580
20585
20600
20610
20620
20630
20640
20641
20650
20660
20670
20680
20690
20700
20710
20720
20730
20740
20750
20760
20780
20790
20800
20810
20820
20840
20850
20900
20910
20920
21010
21020
21030
21040
21050
21060
21070
21071
21075
21080
21090
21100
21110
21111
21115
21120
21130
21140
21141
21150
21160
21170
21180
21181
21190
21200
21204
21205
21210
21220
21227
21230
21240
21250
21260
21270
21280
21290
21300
21310
21320
21321
21330
21340
21350
21360
21370
21380
21390
21400
21410
21420
21430
21440
21450
21460
22001
22010
22020
22030
22040
22050
22060
22070
22080
22090
22100
22110
22120
22130
22140
22150
22160
22170
22180
22190
22200
22210
22220
22230
22250
22260
22270
22280
22300
22310
22320
22330
22340
22350
22360
22370
22380
22810
22820
23010
23020
23030
23040
23050
23060
23070
23080
23090
23100
23110
23120
23130
23140
23150
23160
23170
23180
23190
23200
23210
23220
23230
23240
23250
23260
23270
23280
23290
23300
23310
23311
23320
23330
23340
23350
23360
23370
23380
23390
23400
23410
23420
23430
23440
23450
23460
23470
23480
23490
23500
23510
23520
23530
23540
23550
23560
23570
23580
23590
23600
23601
23610
23620
23630
23640
23650
23660
23670
23680
23690
23760
23800
23900
23910
23920
23930
23940
23950
23960
24000
24010
24060
24070
24080
24090
24100
24110
24130
24170
24180
24190
24200
24210
24220
24230
24240
24250
24260
24270
24280
24290
24300
24310
24320
24330
24340
24350
24355
24360
24370
24380
24390
24400
24410
24420
24440
24501
24502
24503
24504
24505
24506
24507
24509
24750
24760
24800
24810
24820
24830
24840
25000
25010
25020
25030
25040
25050
25060
26010
26020
26030
26040
26050
26060
26070
26080
26090
26100
26110
26120
26130
26140
26150
26160
26170
26180
26190
26200
26210
26220
26230
26240
26250
26260
26270
26280
26290
26300
26310
27010
27011
27012
27013
27020
27021
27022
27023
27024
27030
27031
27040
27041
27042
27043
27050
27051
27060
27061
27062
27063
27070
27071
27072
27073
27080
27081
27082
27083
27090
27091
27092
27100
27101
27102
27103
27110
27111
27120
27121
27122
27123
27124
27130
27131
27140
27141
27142
27143
27150
27151
27152
27153
27160
27161
27162
27163
27170
27171
27172
27173
27180
27181
27182
27183
27190
27191
27192
27193
27200
27201
27210
27211
27212
27213
27214
27220
27221
27230
27231
27232
27233
27240
27241
27242
27250
27251
27252
27260
27261
27262
27263
27270
27271
27272
27273
27280
27281
27282
27283
27290
27291
27292
27300
27301
28000
28010
28020
28040
28050
28210
29010
29020
29030
29031
29040
29045
29050
29060
29070
29080
29090
29100
29110
29120
29130
29140
29150
29160
29170
29180
29190
29200
29210
29220
29230
29240
29250
29260
29270
29280
29300
29310
29450
29460
29510
29520
29521
29800
29810
29820
29830
30010
30020
30030
30040
30050
30060
30070
30080
30090
30100
30110
30120
30130
30140
30150
30160
30170
30180
30190
30200
30230
30240
30250
30260
30270
30280
30290
30300
30310
30320
30330
30340
30350
30360
30370
30380
30390
30400
30410
30420
30421
30430
30440
30450
30460
30470
30480
31001
31010
31020
31030
31040
31050
31060
31070
31080
31090
31100
31110
31120
31130
31140
31150
31160
31180
31190
31200
31210
31220
31230
31240
31250
31260
31270
31280
31290
31300
31310
31320
31330
31340
31350
31360
31361
31370
31380
31390
31400
31410
31411
31420
31430
31440
31500
31510
31520
31800
32001
32010
32020
32030
32040
32050
32059
32060
32070
32071
32072
32073
32074
32076
32080
32090
32100
32110
32120
32130
32140
32150
32160
32161
32163
32170
32180
32190
32200
32210
32220
32230
32240
32250
32260
32270
32280
32290
32300
32310
32320
32330
32340
32350
32360
32370
32380
32390
32391
32400
32410
32420
32430
32440
32450
32460
32470
32480
32490
32500
32510
32520
32530
32540
32560
32570
32580
32600
32610
32620
32630
32670
32800
32810
33010
33020
33030
33040
33050
33060
33070
33080
33090
33100
33110
33120
33130
33140
33150
33160
33170
33180
33190
33200
33210
33220
33230
33240
33250
33260
33270
33280
33290
33300
33310
33320
33500
34010
34020
34030
34040
35100
35110
35120
35130
35140
35150
35154
35160
35170
35180
35190
35200
35210
35230
35240
35250
35270
35280
35290
35300
35310
35320
35330
35340
35401
37010
37020
37030
37040
37050
37060
37070
37080
37090
37100
37110
37111
37120
37122
37123
37130
37140
37150
37151
37160
37170
37180
37181
37182
37190
37200
37210
37220
37230
37240
37250
37251
37252
37260
37267
37270
37280
37291
37300
37310
37320
37330
37340
37350
37360
37370
37380
37420
38010
38011
38030
38031
38100
38110
38120
38130
39010
39020
39030
39040
39050
39060
39070
39080
39090
39100
39110
39120
39130
39140
39150
39160
39170
39180
39190
39200
39250
39260
39300
39310
39311
40005
40010
40020
40030
40040
40050
40060
40070
40080
40090
40100
40110
40120
40130
40140
40150
40160
40170
40180
40190
40200
40210
40220
40230
40240
40250
40260
40270
40280
40290
40300
40310
40320
40330
40340
40350
40360
40370
40380
50700
52000
52100
52700
52900
64255
64908
64909
64910
64911
64912
64913
64914
64915
64916
64917
64918
64919
64920
64921
64922
64923
64924
64925
64926
64927
64928
64929
64930
64932
64933
64935
64937
64938
64939
64941
64942
64943
64944
64945
64946
64949
64950
64951
64952
64953
64954
64955
64956
64958
64959
64960
64961
64962
64963
64964
64965
64966
64967
64968
64969
64970
64971
64972
64973
64975
64976
64977
64979
64980
64982
64983
64984
64985
64986
64987
64988
64989
64990
64991
64992
64993
64994
64995
64996
64998
64999